27f4de78-5870-3e35-9027-0d2e4506bc19:
  world: world
  x: 1137.2443519440462
  y: 128.0
  z: 1127.9886641139938
  yaw: 97.93347
  pitch: 43.77876
e6135a83-d680-39d6-b4be-65a3d8bb97ad:
  world: world
  x: 1091.0179974320583
  y: 198.0
  z: 1060.3250762990826
  yaw: 81.74194
  pitch: 10.985402
