27f4de78-5870-3e35-9027-0d2e4506bc19:
  world: world
  x: 9.67578376478113
  y: 71.79673560066871
  z: -278.9587367045777
  yaw: -16.959778
  pitch: 28.883844
