27f4de78-5870-3e35-9027-0d2e4506bc19:
  world: world
  x: 24.807405580691146
  y: 74.0
  z: -282.04627725404237
  yaw: -94.93057
  pitch: 25.020483
