27f4de78-5870-3e35-9027-0d2e4506bc19:
  world: world
  x: 1127.226336883356
  y: 141.0
  z: 1100.8451077474977
  yaw: 25.19336
  pitch: 11.76729
e6135a83-d680-39d6-b4be-65a3d8bb97ad:
  world: world
  x: 1091.0179974320583
  y: 198.0
  z: 1060.3250762990826
  yaw: 81.74194
  pitch: 10.985402
