27f4de78-5870-3e35-9027-0d2e4506bc19:
  world: world
  x: 1102.7412649164148
  y: 151.0
  z: 1110.2524819833668
  yaw: 136.20885
  pitch: 1.2807246
e6135a83-d680-39d6-b4be-65a3d8bb97ad:
  world: world
  x: 1091.0179974320583
  y: 198.0
  z: 1060.3250762990826
  yaw: 81.74194
  pitch: 10.985402
